33.84024
42.54225
51.21642
56.95986
25.36593
44.61796
37.86265
67.73208
55.40189
61.26321
44.69952
45.71885
68.06724
53.53897
48.69639
45.9157
46.90713
40.88095
66.45285
37.84546
49.9632
31.21539
43.72555
71.30126
69.70474
59.24435
42.47064
32.4702
34.19411
47.65316
28.51815
32.92994
68.67863
53.85469
79.46801
55.94504
48.47087
61.22778
52.50884
50.47218
38.59314
48.93314
36.12904
47.81316
65.04979
51.93005
39.40638
41.00843
35.28426
40.93447
56.88039
70.81463
54.2019
34.94036
70.30288
56.9
41.43224
47.13274
41.90974
61.5974
44.58743
39.50996
55.04156
36.58067
65.00897
60.9964
57.28412
50.86307
48.11242
51.38972
51.30902
60.43486
58.52688
70.00154
74.29945
49.78883
86.21387
52.63002
59.77175
44.20661
43.7249
56.40556
43.50087
56.70775
58.29327
50.71998
47.6671
61.14452
40.85452
66.98557
39.66845
59.17226
40.95559
38.72211
53.83276
36.53726
55.16796
80.3317
38.63824
45.26035
35.87051
44.63009
66.37605
50.91419
33.72133
67.94099
42.3953
53.66462
53.28217
66.89845
49.73619
41.57285
57.97092
62.79868
65.28982
48.92051
37.56047
47.64164
59.3028
59.57954
40.31691
38.72438
51.32635
62.30901
63.23333
53.01391
58.00162
48.11274
41.14201
28.30038
76.58599
51.91438
45.50886
50.04617
75.38197
53.01916
49.7617
52.35609
48.55749
86.42151
70.50468
61.85773
41.84746
43.75206
50.62805
51.1756
59.64357
53.46499
52.17232
32.71859
50.76427
70.86025
41.54756
62.66963
53.66119
36.80699
59.84479
51.85002
45.46997
68.13918
39.09345
36.42326
32.46835
27.61654
35.8672
32.55279
30.68814
51.7477
52.37358
71.21102
50.70742
64.81445
48.96438
36.31354
29.31309
57.53519
51.95921
44.64592
48.63473
42.87263
41.21666
68.67698
41.66913
40.66445
68.58368
39.9625
59.33634
62.93276
47.50282
48.24502
52.6277
66.22091
34.1392
38.6919
40.91488
35.19731
53.04529
38.75181
47.85889
63.51043
47.29622
40.19104
34.78798
69.89664
52.89241
48.05148
55.40847
35.53407
57.3834
72.03776
31.39491
50.69799
47.28189
40.83059
33.30757
20.21574
25.57306
35.9127
41.94675
53.5216
41.12223
53.5696
42.63307
58.82077
34.57453
61.09074
29.6116
57.19754
38.54794
49.32992
38.306
45.83478
73.07889
32.55908
38.17852
54.95173
57.05924
68.43644
42.61596
40.40547
95.50766
65.98718
35.02985
26.26647
39.43528
38.49918
61.6755
56.14817
42.9597
65.18217
46.13729
66.48823
45.09708
50.57185
48.38168
61.58526
65.73615
39.04317
38.10096
47.822
52.77027
52.6524
47.84659
44.81448
32.67425
31.00652
54.41814
66.41028
43.16682
66.98136
36.58175
38.32111
31.78461
81.37991
45.36432
39.45455
58.47526
41.65207
40.31005
59.77458
72.83297
47.95136
36.43932
48.4245
47.53789
45.87887
42.80901
51.52513
61.54632
54.42068
54.69325
49.52403
78.12037
53.11291
57.76589
33.1739
27.24923
38.60971
61.98695
77.33026
64.52819
20.40486
49.71399
56.95081
48.40869
74.71208
58.15814
44.27444
57.33521
39.71765
46.57051
43.57048
44.14394
48.11345
52.98155
30.81481
58.62004
46.79319
49.94251
41.37117
73.47374
62.5171
49.55703
43.75996
33.95173
61.89714
43.36297
35.34062
31.65851
65.3532
55.95167
75.82869
56.6258
50.50803
41.653
68.55502
39.28177
51.79477
37.92274
52.80018
31.13939
64.31785
88.62795
40.15363
59.15384
70.64344
53.30517
68.85935
61.55344
46.79964
43.57558
59.72147
52.9971
66.97375
61.73025
48.55453
57.24224
63.73255
70.36721
38.6778
22.28285
59.13792
61.98834
74.56206
78.07567
65.9529
56.32268
37.72965
51.33108
68.31646
54.07014
59.18362
38.88043
59.80811
58.47774
45.64425
62.34349
75.68599
49.2657
68.40335
40.86538
33.63085
63.4204
31.47557
67.77916
44.02849
58.8775
62.65735
50.83828
41.36305
52.53272
54.97646
39.94744
49.65078
38.10182
48.42284
44.66781
51.16538
30.00914
47.67896
53.37689
63.71847
52.08584
48.16506
56.17161
58.62489
58.68836
34.10255
44.67497
55.43747
41.87793
52.56099
53.86003
27.32187
29.34317
67.73912
47.87698
62.03342
41.0533
50.9341
42.05753
38.40535
59.57262
59.21444
34.81701
40.95511
39.10565
42.53825
47.38969
41.55251
73.4396
43.64721
38.32456
37.93677
57.36902
48.316
47.92802
49.63255
40.52413
38.38261
38.94676
62.54527
72.32404
39.4834
32.84371
42.01006
46.85145
36.49797
26.90138
46.30407
45.283
46.08261
32.05877
41.68131
47.62806
37.66462
34.07652
35.34454
35.02353
49.73941
62.96795
45.35151
45.16036
40.79538
45.63353
69.2922
47.36639
56.96078
33.68663
38.86354
55.74255
59.31576
35.78687
36.63464
59.0953
53.87719
44.32579
61.78036
63.47744
32.59221
57.4438
42.64035
58.30813
41.12593
57.4126
48.27899
75.45181
56.49695
43.12244
47.50164
42.81006
31.8786
53.9913
61.65385
62.05189
50.97582
53.31789
44.88951
67.67353
44.5743
45.94686
20.91799
32.0773
57.8488
31.04634
54.92462
55.2704
63.51361
43.41163
34.68954
42.64641
65.115
43.37539
64.486
50.55943
57.41643
44.96
42.94669
32.65963
54.56134
43.3436
41.21893
57.44912
30.89342
44.32493
60.01246
42.22381
35.92278
53.93124
52.2053
63.24248
40.68666
48.12996
37.2299
50.84273
42.68132
39.51085
60.45462
47.16479
34.39252
50.83894
60.09849
37.93988
52.49583
25.61198
44.85807
48.26291
54.09115
47.84919
69.85645
51.15846
61.91396
51.83427
61.04633
62.10209
39.12491
46.1281
60.41356
48.54167
41.49257
29.86091
51.32977
32.31173
40.8606
24.81436
27.02618
40.38951
40.34681
45.92139
53.10801
56.11181
45.19311
45.83083
42.86346
60.6792
55.03744
48.50073
51.03703
66.65595
54.45363
48.88664
43.60319
77.30258
56.58415
56.14163
49.35109
47.42677
53.22719
62.69184
53.7718
65.91615
76.48316
31.91031
46.08647
38.43333
45.48908
61.19558
34.8113
46.62789
48.34202
79.59147
64.63894
35.60001
59.68941
72.35707
58.21908
55.00589
68.5588
65.09058
61.62032
44.70426
59.41453
53.6938
36.11193
43.16996
33.31466
53.84164
54.33493
67.55193
66.11201
48.56276
45.90514
54.70169
72.44136
52.33374
37.1963
56.39984
48.52716
43.40522
55.53525
46.52354
47.04559
60.86445
61.09874
49.7841
43.86529
49.32923
57.59729
33.54006
48.14931
30.76511
45.66834
35.24492
52.31017
45.40796
52.56615
54.60679
62.36147
59.26654
50.81449
56.05779
63.03015
36.59538
26.84385
44.00193
40.28461
49.27815
55.14711
46.22898
46.21832
43.1007
53.74995
34.47045
43.23895
40.23419
38.57492
42.55772
44.16518
57.90915
40.98337
65.97827
41.60635
31.51962
26.11993
54.03138
52.2101
75.34229
60.86361
40.34911
38.80292
79.69113
39.5958
39.64304
47.55693
72.97142
61.13154
53.806
57.52959
31.31345
56.65542
34.03606
36.60584
65.80569
38.93895
43.06775
34.97897
59.03872
64.89845
36.67557
52.49685
45.91178
43.33159
62.97198
52.2541
66.31367
40.7514
54.43192
43.10234
41.44043
53.67155
50.77041
53.7531
39.91928
30.28757
41.59573
42.12506
47.27001
61.52858
40.72802
36.83
49.31183
52.23478
39.73554
51.98179
41.0596
35.98798
34.38221
58.45466
58.71521
56.46441
54.90248
33.95829
64.72842
54.98393
49.39144
75.20009
59.67531
71.17875
41.93887
42.81628
67.56207
57.3153
41.45202
57.82763
80.29105
67.4536
48.70824
61.455
55.46117
50.58336
57.29511
62.48486
32.93066
17.37996
45.89016
31.25592
45.40527
45.38958
56.61799
65.85791
59.7251
54.2315
45.42647
34.58678
30.15339
32.15071
40.87454
63.0448
52.36391
91.20054
45.00892
42.68199
42.56853
43.87398
45.74775
58.07446
59.95253
51.82902
37.09923
57.51646
47.61927
43.86575
56.70051
45.01568
47.20708
38.71866
65.4641
43.1446
43.87155
58.95865
65.64401
43.44558
58.45865
54.50665
44.0194
45.60881
67.05844
66.41587
41.60585
72.18009
68.98311
49.1657
48.73155
56.67594
64.49597
55.79085
53.63347
35.65082
70.31167
62.23564
46.00187
51.85711
49.38188
51.15917
39.48802
48.5719
61.80433
45.60082
53.11756
35.97727
34.94904
46.91978
62.03564
90.96044
75.0389
60.57545
44.47304
48.88439
41.85626
50.70084
61.28452
48.02348
51.27525
40.8924
26.54538
31.29277
30.83669
51.77662
47.96998
88.13853
65.58771
69.68502
33.44783
51.32023
62.38172
51.63806
46.55681
39.38913
47.72226
43.89381
41.20349
28.74011
30.43984
39.89054
37.39938
28.49151
56.84855
51.91005
34.36152
40.79851
46.33464
56.49614
31.78798
38.07962
42.21892
51.38886
46.49271
48.3026
75.51249
46.28029
36.54469
47.88435
39.98516
40.22158
49.98417
52.79901
62.47843
39.58148
47.35915
38.49407
49.45198
49.27582
47.18985
37.7903
44.88523
44.41696
47.38766
24.89624
68.00923
64.74212
41.99863
34.71064
39.62468
36.26506
56.10702
61.96316
76.53622
47.58945
37.91285
52.60724
45.94151
67.11294
54.61929
52.18503
56.62797
54.26701
53.58769
48.89962
62.72095
46.41569
41.24399
31.98039
58.60803
49.19032
55.98926
58.28379
32.36261
37.38241
31.81699
67.39713
46.34692
62.00814
74.18014
45.71849
54.68077
38.26674
49.67007
43.59905
59.32218
56.25885
40.22608
52.09632
53.77624
37.98877
41.20344
49.36756
40.29819
59.06445
42.3436
38.30405
41.40151
29.98113
47.91035
42.30351
65.98334
82.46097
37.9421
50.53935
76.0957
51.2393
42.35445
52.05272
53.93988
65.53645
47.48971
54.16286
31.26327
44.28643
39.1017
51.29092
54.00513
45.45481
41.86642
69.51421
41.36329
50.74712
75.88849
57.12429
39.03116
29.33682
46.30069
46.11992
46.27185
40.70763
51.90382
48.56534
31.54717
41.06331
39.27949
40.55585
40.18427
69.6101
67.29677
48.9111
40.36027
44.42815
32.33007
24.83061
34.16395
45.03353
27.97479
31.50097
60.20071
40.49478
57.52352
41.71898
40.61225
62.34209
35.58157
60.06823
