24.2913
9.221248
15.10628
13.5827
12.31223
6.633099
7.778506
7.181293
10.64662
11.811
9.90332
18.82679
10.494
14.98092
8.151184
6.23646
6.203749
11.93804
15.29021
9.906218
5.784928
12.18632
13.36411
13.35698
-4.809568
11.13788
10.08967
15.00912
17.20908
16.88573
10.67411
8.122041
6.137591
9.331485
4.906135
5.582411
8.234493
9.635654
8.877565
11.26083
11.55501
13.09649
11.61415
10.56392
6.147475
5.615818
6.321587
10.07254
8.204254
10.54828
8.208512
4.50394
13.97048
7.892948
6.929602
3.122487
2.795008
9.43389
9.932623
4.973175
14.88183
15.68278
14.33426
16.18268
13.84309
17.49327
14.21002
12.31391
13.61804
19.26605
13.78529
6.361685
6.634142
6.237877
4.604508
2.491047
8.842511
12.1716
3.67608
9.520265
8.465837
14.75344
18.87835
14.33324
5.121984
5.951391
16.66481
12.3767
9.526956
7.855989
8.779307
7.890274
15.88378
8.636682
3.512796
8.519379
13.19032
6.67324
7.070926
7.799249
2.792164
6.382626
11.10939
19.95496
10.31282
6.823985
5.786326
5.142111
12.05635
2.776029
3.060808
0.1892885
0.941242
6.791722
4.099656
7.101587
9.062881
10.44184
20.08923
18.85516
9.015403
0.01226169
3.337527
10.0411
7.70858
4.994577
11.00344
9.678701
4.637943
5.025388
2.890079
4.553894
12.53361
16.87287
10.21688
3.877415
-2.375074
3.154112
10.87667
14.24219
10.53847
9.602965
9.04807
11.29716
6.715054
14.56359
9.976323
13.59661
5.332244
4.782321
9.857671
11.3001
9.812591
9.100451
6.10757
13.67166
16.87191
6.103758
6.134127
5.960958
16.26689
15.02917
9.035843
2.033967
0.733982
8.123734
12.41691
8.651433
12.47705
9.019176
9.362053
13.28048
8.12982
16.95124
14.05537
10.75609
15.03481
11.65056
13.64262
13.20043
8.621752
10.22481
11.74825
7.15796
3.158245
3.745923
9.941011
3.911852
11.16519
12.69459
8.514802
13.07733
14.51488
5.959083
6.635725
16.4904
12.78917
4.420857
11.96677
14.29188
16.39851
4.256952
5.786725
10.32464
16.89454
19.43858
12.67447
13.33619
2.658405
0.1458561
9.536701
12.38626
1.910184
-2.922871
7.872437
8.859687
6.937758
8.190167
15.07757
11.44581
7.935762
17.06049
5.516169
13.21359
8.488828
2.764022
9.160199
11.1696
20.69957
17.10091
6.358663
6.340593
6.476736
4.067929
12.12546
16.45461
15.39161
12.21852
19.52533
8.422647
8.009792
9.150308
12.19331
15.41799
17.16154
9.348061
-1.206852
7.041381
-2.321226
4.882057
8.794361
4.728529
6.39536
4.334531
5.897014
4.233701
3.896748
8.470564
13.61291
13.12761
10.9612
2.382271
6.620732
6.966361
15.2535
11.20476
6.901519
7.979484
10.11903
13.73606
9.950736
6.500005
5.256401
9.106241
9.87065
14.40079
12.60183
6.05842
2.959064
0.4717916
4.555199
13.87204
8.483226
15.07243
10.73843
12.32567
9.717846
4.467968
3.881082
6.398956
4.672821
-0.457798
-4.602507
6.454361
9.520761
3.440198
6.542872
13.13923
7.981071
14.4173
16.0873
15.7199
12.76721
13.98829
11.25541
11.71783
4.603766
7.372794
11.29029
12.0193
6.623138
6.337272
11.28242
4.316964
9.912308
9.12897
10.22499
10.3885
13.5121
10.06302
11.57875
6.812097
3.841231
4.318282
1.447132
2.174419
4.337209
8.57505
10.28726
8.202097
4.222763
4.379638
9.796361
12.27469
20.53818
8.551603
7.230261
7.73035
6.792979
1.878518
10.37841
9.156922
14.58462
8.785917
11.82369
12.25401
3.699513
6.70586
9.82682
14.65187
11.43112
1.087949
0.1536809
-0.3749012
-0.01523183
5.063646
4.915384
6.525252
11.96242
9.251423
8.877536
13.20713
12.95815
11.44011
10.96529
12.19824
5.131881
0.272834
13.38597
10.89379
12.23195
21.14477
18.19168
17.03203
5.130881
9.9467
7.308058
14.06576
10.34091
2.748383
10.29868
11.92768
14.27066
9.109523
9.909584
12.87691
6.236798
13.96959
6.2982
6.27343
9.21968
1.427801
7.159092
2.544301
6.528691
8.175757
7.281469
4.934414
-0.2222204
11.89549
13.59255
13.84685
14.9137
8.924665
11.82419
11.22558
10.17195
2.522267
8.472458
14.69661
14.76732
16.25747
9.18797
19.13336
15.63993
13.50308
11.94827
12.14118
1.227448
12.18298
12.91117
22.2203
17.69955
21.76204
10.92659
11.45229
5.438303
10.70943
10.27575
11.46625
0.5335942
6.044603
20.51456
10.45754
6.170976
16.57149
19.51596
15.45816
2.276103
4.369696
12.4724
2.567537
5.185671
13.9763
12.9525
1.468128
0.4979035
12.17289
9.321355
17.62758
14.10707
4.613867
2.747601
4.165706
14.32507
4.259188
10.38513
13.05951
10.03309
-5.035482
3.775027
-3.223482
2.351623
3.599575
6.74231
11.59328
9.496827
13.4269
8.612901
16.83765
9.911928
8.828714
11.75909
16.56173
9.336452
4.549571
9.191795
11.79493
7.217342
10.75571
8.002776
14.29062
8.941453
6.890172
10.50133
8.512775
12.02984
11.67923
13.08242
14.13455
11.55625
9.013747
2.736736
0.9184005
6.390036
10.14748
14.29412
13.73112
14.79946
7.537996
14.1546
14.23256
15.55567
12.0427
5.558041
11.03236
8.126949
9.245782
17.55655
20.87437
8.048373
19.78861
13.62093
14.82075
15.17308
14.4507
12.04265
9.248459
5.010909
8.290522
10.92098
15.15059
11.44687
4.978979
8.859677
9.740394
6.389208
6.760939
11.89837
10.30861
-0.2488929
-1.754852
3.996791
12.0147
8.461558
4.260345
8.349796
10.85958
12.99919
9.7082
0.5200306
6.948263
14.12384
12.00433
8.349545
15.39061
6.270097
17.58119
8.267182
7.261177
6.974002
10.71451
4.964052
12.52651
16.20351
0.6678779
1.010872
9.407947
13.25563
12.30247
12.70345
16.14356
6.601245
13.69675
9.607614
14.43434
11.81533
10.97563
7.808244
7.732829
10.0739
12.4273
11.57192
8.292467
4.320159
2.823653
17.40326
14.57096
12.43739
10.75746
11.52842
9.901839
6.744998
10.50094
10.95719
3.897851
7.560876
5.742209
4.06015
8.266593
6.59874
11.99894
14.40196
7.537257
8.033665
18.46979
11.12049
11.90044
7.180464
12.59579
10.69591
9.639043
8.600324
8.083735
9.544468
14.87167
10.11878
10.66897
9.323022
12.0391
14.1894
5.507487
9.83014
8.607281
13.60531
14.10119
5.515423
4.419767
8.139411
8.403232
7.700047
8.572652
6.419506
12.87029
16.37722
11.85823
8.69732
6.562313
6.682215
8.809887
8.768884
14.08171
17.00455
10.81528
7.046517
8.629961
8.376492
5.607514
5.331254
7.405807
7.055724
4.417166
10.59707
9.10514
13.62769
13.3467
14.34835
18.76963
7.487076
10.39036
11.09121
22.1607
17.3967
8.029886
0.9611419
-7.577723
9.893253
18.5991
5.852929
10.98032
2.383943
10.00319
6.87633
7.983072
10.19102
13.87803
16.21501
12.56796
11.40363
11.8952
9.991817
8.942317
4.742859
0.7989266
10.01368
2.189922
9.851875
10.39089
11.09965
3.474214
6.01477
-1.415462
1.64609
6.015589
13.57265
10.05313
5.768954
-1.96973
0.3924705
6.567198
4.335885
5.622053
8.700781
7.649131
2.617158
2.223227
3.036752
8.199316
2.846355
9.82697
6.499462
14.42248
5.046851
2.211708
5.381344
9.635407
20.82324
15.16297
8.897779
14.92038
4.792535
13.81187
12.31498
7.701249
3.234078
10.52808
11.9948
3.819875
1.042332
11.0946
11.05489
9.796517
11.10305
7.978331
2.490382
10.04134
12.56123
8.551965
15.93119
18.40748
10.49619
-1.259785
4.497149
18.55835
14.66164
15.95718
16.5747
3.343148
6.200252
5.885449
9.467762
6.791787
13.01595
-3.780685
2.625585
13.49052
9.281878
7.500253
11.01053
3.430422
1.765821
11.64277
0.6300849
6.014865
2.135159
11.12619
14.4373
14.93282
18.02065
14.94987
10.9268
6.022896
2.601314
7.320157
5.945458
5.497758
8.13233
15.3788
13.6015
9.924634
2.011147
7.248425
6.683466
8.23029
4.807761
2.830933
2.352355
10.37164
6.882044
12.04041
8.827615
15.22033
8.578121
10.79491
4.331925
9.019609
7.200185
10.34624
11.16139
6.97372
3.819453
5.403016
2.83733
9.238936
10.29679
6.407271
5.84522
7.480548
10.79995
12.26297
6.733245
4.401221
8.596041
4.699606
1.095178
5.350142
13.83477
7.90516
8.299158
2.377847
8.613114
6.416472
13.60512
14.98639
8.855395
2.074123
10.02583
5.837865
8.018977
7.797735
12.12825
-0.2376154
4.208164
17.34194
9.758567
7.202873
7.197345
4.947253
6.021195
5.528289
3.542314
5.308318
8.142972
13.32674
15.31978
8.490222
11.08638
4.666917
7.531989
13.79456
10.61209
11.89981
3.8991
10.02962
5.192046
19.74092
10.1511
8.82232
4.138832
7.867834
7.869774
-1.625155
1.478741
6.911525
1.039532
4.870552
8.890364
13.16684
10.0973
9.865161
12.04411
7.427233
12.50864
15.90032
10.7529
11.81231
7.930006
14.95933
18.21235
9.528736
5.284377
9.744393
4.503778
-2.272045
-1.62236
14.60631
7.537849
2.935548
14.82333
12.93674
9.914184
11.64498
8.092465
5.125058
3.508506
7.412068
12.33982
11.10083
5.191345
6.751103
12.44489
9.061789
9.916069
8.508267
6.866929
15.36269
21.82354
7.719916
3.467593
4.391651
11.8808
9.499703
7.099307
2.067157
4.026861
4.694071
16.05767
13.80308
5.656943
12.42274
3.719539
11.25407
15.27437
13.42297
4.966659
10.82452
7.262682
1.773193
-1.278904
5.625665
0.6301541
5.103516
4.53291
4.678291
10.4037
20.32511
18.85378
11.76285
8.992575
8.921882
13.10922
7.578837
13.08255
7.066787
1.097038
13.16433
11.27614
11.67086
6.235579
2.138422
12.59327
5.091386
2.94873
3.700058
10.25805
10.70583
3.400672
-4.265595
1.086165
6.402604
4.096903
3.996225
6.599446
5.029123
0.9163316
0.1841071
0.9414171
3.320494
6.438442
13.61128
-0.7529175
13.46982
7.976131
8.099383
3.583271
4.83137
4.031959
11.1269
6.88068
9.763457
11.93673
11.14704
8.882959
10.90379
4.60849
14.4634
16.08505
14.35127
10.9894
6.775558
8.998425
10.73736
14.40351
8.789636
6.661214
4.853799
6.742507
4.576873
2.601671
11.6522
7.967054
5.241135
6.56864
9.671079
12.13305
17.72684
5.361795
8.577149
15.47272
14.80051
