2.538404
2.698948
1.747811
1.681405
2.938539
2.950763
1.444972
3.272125
2.360506
1.880716
1.442409
2.018668
2.47512
2.162015
2.821245
3.501971
2.662378
3.035384
2.422695
2.685584
2.220081
3.090456
3.366545
2.08835
3.078352
1.570838
2.718713
2.35537
2.487384
2.422271
1.321584
2.380385
2.736226
1.965814
2.015445
2.269281
3.345954
3.424681
3.196019
2.366566
2.263828
2.198045
2.420067
3.077867
2.336453
1.872277
2.147394
2.411255
2.124159
2.200353
2.785173
4.130226
1.777601
1.991514
2.152215
1.890176
3.9483
2.48534
1.974856
3.136214
1.589351
2.686873
1.469934
2.587343
2.008705
1.782246
2.016195
1.561768
2.333369
2.903483
2.051026
1.815413
1.94971
1.372211
2.182657
2.760305
3.175924
2.397505
1.877497
2.390457
2.734277
1.712797
2.005876
2.476565
2.1087
1.586123
3.044244
3.81118
3.399387
3.038533
1.599402
2.147845
2.487471
2.864807
3.980933
2.221892
1.258699
3.223911
1.731524
1.614636
2.09294
5.043339
3.249741
3.159861
2.809127
2.137288
2.619033
2.406241
3.430364
3.674204
1.762207
1.473474
1.791721
1.679011
2.007819
3.738655
2.478611
2.218415
2.987485
2.292003
2.128705
2.294706
3.012225
1.19833
2.8952
2.490035
1.993855
2.189081
2.767812
1.936433
2.111382
1.364838
1.728234
1.868116
2.490785
2.114635
1.889687
2.83496
2.124331
2.358614
2.161527
1.868845
1.916525
2.049258
2.959163
2.106025
2.126997
2.298091
1.662049
1.994314
2.547567
2.26058
2.255585
2.375261
2.359661
2.208172
2.891326
2.569852
2.241212
2.935247
1.902039
2.024138
4.999524
1.731509
2.511227
2.125651
2.552132
2.840086
2.530776
2.413948
2.240086
2.078308
2.344655
1.768306
2.418353
2.412035
2.983282
2.869552
2.124719
3.770931
2.167817
2.318247
1.953639
1.821476
2.625224
2.724253
1.572265
2.617571
2.704794
3.333994
2.446946
2.269803
1.750551
2.253499
3.007963
1.693441
2.223123
3.339737
2.353669
2.610908
1.90708
1.786533
2.062719
3.001348
3.035453
2.07498
1.958167
2.469537
1.984998
2.086711
2.017583
2.534022
3.181261
2.20813
2.2597
2.23923
2.700005
2.127202
4.259704
3.093469
2.679252
2.055474
2.112566
2.554024
1.428582
2.874012
1.938469
2.428065
2.303336
1.766057
2.490422
1.603977
2.324139
1.742144
2.138961
2.368022
1.887533
3.427106
2.290677
1.785393
2.575138
1.994107
2.06157
2.467337
2.286092
2.764705
1.71005
3.008838
2.64818
1.651046
3.196186
2.689726
1.737816
2.294014
1.715883
1.63511
2.174435
2.448237
2.041133
3.013821
2.238433
2.076319
2.816885
2.741456
1.937395
3.23091
4.03825
3.140032
2.897673
2.276084
2.048766
3.274225
1.325334
1.497963
1.941634
2.450831
2.631291
3.100328
2.377494
2.761197
2.901366
2.394357
1.592531
2.798998
1.825593
2.013093
2.25807
2.605009
2.952872
2.103771
2.185203
2.102509
2.506049
2.006171
1.734289
1.458252
1.915404
2.387513
1.936589
1.948783
3.516442
3.430983
2.032716
2.325984
3.49426
1.983391
2.404741
2.392382
2.110719
2.943581
3.420655
2.653829
2.071818
2.649065
2.313527
1.529089
1.609005
3.318105
3.129478
2.227044
2.180854
2.459233
1.743016
2.173929
2.003788
2.044303
2.713795
3.059672
2.220935
2.270125
3.842304
2.595286
1.972032
1.908604
1.508804
3.704769
2.342641
2.049297
2.101522
1.866398
1.679132
2.896095
1.571644
2.625924
2.981988
1.991104
2.709606
1.618424
3.214396
1.487238
1.488245
2.421992
2.027775
2.891739
1.660674
2.172964
2.269379
3.227727
3.29223
1.958168
2.147029
2.656567
2.269995
2.587465
2.857626
1.908275
2.724241
2.155217
2.183437
1.948442
1.78782
2.034564
1.954466
2.771046
2.752497
2.431253
2.37755
2.259862
1.736045
1.549949
2.426515
2.340394
1.997331
2.087686
3.938895
2.055916
1.357258
2.070802
2.401819
3.640242
3.445245
2.615924
3.043568
1.722443
1.977533
2.805143
2.507422
1.805414
1.944057
3.057025
2.13642
2.874478
1.518973
2.187108
1.996161
2.281297
2.04603
2.401252
1.748786
1.71541
2.876019
2.008625
1.583025
2.44423
2.056169
2.051236
1.99083
2.53994
2.480799
1.837197
3.30552
3.245926
1.884154
2.723434
2.04638
1.502357
1.832703
2.084477
2.185895
1.905761
1.982656
2.205306
2.084122
2.199522
2.199873
2.236267
2.86392
3.006862
3.44461
1.951757
1.588169
2.483848
1.979249
1.651396
1.992336
1.976914
2.58257
2.096255
1.910612
2.706178
2.04282
2.503959
2.487437
2.581149
2.574442
1.913159
1.658734
2.668429
1.801828
2.12736
2.33767
1.776132
3.280144
2.460895
2.415026
3.410746
2.114805
2.373412
2.231727
2.021091
3.01194
3.754726
2.032158
1.444789
2.784028
2.370515
2.463964
3.078547
2.118427
2.353263
2.599128
2.821196
2.876136
2.646592
2.845453
2.363997
2.200274
3.575307
2.095764
1.584958
2.20086
3.125677
2.789855
1.856427
2.426833
1.905228
3.04905
2.780144
1.736187
1.92247
2.050703
1.956214
2.638424
2.08416
2.354212
1.490771
1.918391
2.221856
3.075666
2.273333
2.575054
1.793543
2.428671
1.653505
2.90762
2.01587
2.797054
2.235349
2.564605
2.77818
2.257143
2.235128
1.903836
2.603997
2.187246
2.414689
1.417793
1.753167
1.780452
2.037929
3.653547
1.925692
2.27808
2.150563
2.750479
2.28489
3.017983
3.781777
2.644446
2.147648
3.457293
2.438192
2.981023
2.477328
2.482042
2.917399
2.623887
1.536428
3.588481
2.157497
2.126942
2.574694
1.902908
1.295617
2.050193
2.98647
2.21482
3.271951
2.895451
1.745723
1.87575
1.598205
1.827735
2.864423
2.99104
3.118128
3.13883
1.987693
2.428355
2.105365
2.250908
1.670032
2.210755
3.719901
1.808922
2.389778
2.539147
2.981584
3.168861
2.433343
2.551557
2.114278
2.013271
2.474309
2.769144
2.491714
1.528964
2.045104
2.149835
2.947321
2.021424
1.92607
2.207789
1.863095
2.097628
3.132218
2.366437
1.739564
2.470823
1.458979
2.055575
2.675448
2.3154
1.622398
1.733477
2.463683
2.916564
2.872708
1.842868
2.441337
2.733107
2.717108
2.637703
2.567072
2.792232
3.158456
2.570619
2.614175
4.032728
2.705256
1.762872
1.785417
2.262702
2.203011
1.916338
2.345177
1.832574
2.20117
2.240849
3.164259
1.929791
2.011954
3.912124
3.210937
2.515454
1.494622
2.852337
5.741816
2.167734
1.717119
2.378744
1.895989
1.919498
1.205387
2.105733
2.895379
3.591172
2.530422
2.621431
1.933207
2.35316
1.972301
3.048083
1.834772
2.73528
2.402201
2.699886
2.117396
2.451712
3.041891
2.728468
2.130327
1.802327
3.158461
2.697556
2.392174
2.780328
3.677371
2.044598
2.663278
1.886654
2.996795
2.118698
2.465827
1.894016
1.876318
2.586156
2.415904
1.64674
2.777215
3.359962
3.24411
2.886083
3.333863
2.579986
2.276625
2.712388
1.634522
2.297066
2.48532
1.62999
1.790688
3.098786
2.430789
2.214151
2.740468
1.747374
1.796497
2.454007
2.635619
2.900663
2.054241
1.819219
3.491209
2.068864
2.498112
2.582566
1.805227
2.228824
2.128905
2.384178
2.401285
3.212738
2.036184
1.860741
1.759756
2.125875
2.482074
1.80539
1.929244
2.442262
3.01734
3.243913
2.027009
2.660148
2.171887
2.72523
1.853144
2.540576
2.14911
2.8911
3.314367
2.908934
2.266252
2.497285
2.139457
3.932834
2.458339
3.024928
4.126129
2.865775
1.153823
3.207132
2.081419
2.542183
2.795283
2.4654
2.446942
2.424941
2.192298
2.147404
1.302353
2.427485
1.550217
2.774144
2.889087
3.456755
3.088617
3.129319
3.855567
1.656875
4.51723
2.187754
2.630949
3.290279
3.542183
2.685046
2.698486
2.563429
3.309265
2.696915
1.970851
1.699363
2.822757
2.581058
2.639018
2.332695
2.856812
3.569182
2.082241
2.550286
2.067369
2.097825
1.941358
2.17279
2.595994
1.708361
3.173038
2.981262
2.66931
1.972259
3.251874
1.912716
1.963758
1.50665
3.137007
2.271034
3.153056
2.019863
1.576645
1.776846
2.671228
2.274172
2.178791
2.245907
2.696832
1.746077
1.871075
2.221758
2.171903
2.453801
3.485577
2.642736
3.536678
4.295959
1.881773
1.566587
1.764989
2.61618
1.365811
2.597562
2.411538
2.380853
2.505691
1.959384
2.235077
1.512103
3.358135
3.123704
2.341021
1.9324
1.740502
2.492766
1.879232
2.616998
3.498202
1.802156
1.657894
2.92133
3.052841
1.25117
4.031966
2.145298
2.354959
1.721734
2.804386
2.115644
3.084182
3.105482
5.729213
2.747147
1.924479
1.821945
2.257963
1.976588
2.313087
4.169034
2.381607
2.71159
3.093592
1.836084
2.438911
4.061753
2.742187
2.585445
2.625432
2.089623
2.874007
1.649287
2.882957
2.918721
2.161701
1.999903
2.065885
1.463331
2.021692
1.880437
3.33525
2.070521
2.943301
1.953049
2.401051
2.729088
1.780304
2.376032
2.481974
2.031772
2.921478
2.917691
3.39432
2.55542
2.656521
1.262781
1.931057
2.500976
3.385664
1.670117
2.419606
2.005613
2.267052
1.933543
2.162109
3.077075
2.458011
1.821568
2.962671
3.34367
2.244554
2.177239
2.042351
1.811166
1.994875
1.809346
2.611327
2.345828
2.320559
2.688736
1.699692
2.11146
2.297804
2.539745
1.765776
2.547053
2.823385
2.903817
3.824645
2.017737
2.722037
2.200681
1.464108
2.438717
3.996856
2.630489
3.658758
2.555577
3.433129
2.685864
2.807023
1.540993
2.007159
2.54947
3.753819
2.56461
2.213934
1.808693
3.765584
3.261593
2.214867
2.805705
2.443867
1.936288
2.307431
2.177092
2.537478
2.83336
2.853933
2.966382
2.253851
2.147983
2.247886
2.023858
3.906387
2.136577
1.357455
2.292016
2.13242
1.418326
2.489631
3.608729
3.299335
2.791687
2.357587
2.529763
1.707962
2.650507
3.379075
2.781557
3.529031
3.191991
2.620403
3.462783
2.366268
2.00376
1.515851
1.462428
2.595386
1.825558
3.587597
3.38907
2.342991
3.126726
2.976546
1.576156
1.755844
2.241106
3.745203
4.986747
2.223875
2.852897
2.069188
